0    0.211463785
0.079700003    0.211463785
10.0797    0.066960582
20.0797    -0.010482878
30.0797    0.112177656
40.0797    0.104448743
50.0797    0.183883141
60.0797    0.306330358
70.0797    0.628676096
80.0797    0.110270249
90.0797    0.118253636
100.0797    0.132365678
110.0797    0.132718369
120.0797    0.14555198
130.0797    0.092850189
140.0797    0.156199201
150.0797    0.15696649
160.0797    0.15696649
170.0797    0.15696649
180.0797    0.261365817
190.0797    0.514257519
200.0797    0.210885953
210.0797    0.133733459
220.0797    0.137554927
230.0797    0.062738753
240.0797    0.220071159
250.0797    0.180247109
260.0797    0.071549591
270.0797    0.34105129
280.0797    0.182109087
290.0797    0.131558934
300.0797    -0.008738076
310.0797    0.209984106
320.0797    0.19589409
330.0797    0.135742618
340.0797    0.149062626
350.0797    0.185849738
360.0797    0.232972696
370.0797    0.228936023
380.0797    0.12892211
390.0797    0.166193962
400.0797    -0.006508647
410.0797    -0.070478582
420.0797    0.343415521
430.0797    0.151580058
440.0797    0.167144247
450.0797    0.118414388
460.0797    -0.03196428
470.0797    0.151948619
480.0797    0.042863015
490.0797    0.25202588
500.0797    0.060498791
510.0797    0.207813094
520.0797    0.027225317
530.0797    0.233678068
540.0797    0.087267774
550.0797    0.008838282
